             8.6976                     0.09338
             8.6976                     0.09338
             9.7036                     0.00000
            10.0509                     0.00000
            10.0509                     0.00000
            14.1719                     0.20521
            14.1719                     0.20521
            15.0535                     0.00060
            17.3120                     1.53254
            17.9329                     0.20634
            17.9329                     0.20634
            20.4716                     0.18168
            20.4716                     0.18168
            20.6067                     0.00227
            22.5693                     0.10130
            23.1708                     0.00000
            23.1708                     0.00000
            23.2886                     0.00000
            24.5442                     0.06235
            24.5442                     0.06235
